50
-4859 -2505
-4631 7689
9042 1071
734 2545
-5521 -1048
7228 -1358
-1331 -1942
-2623 776
-3105 1812
-1347 12
1730 2512
-1228 -8034
-5535 2868
-674 9659
747 -8281
-3995 -3835
8401 -8613
-7329 9165
5314 6370
8292 -2532
5757 8006
2923 -129
-694 -6099
2194 8615
-2897 -558
3940 878
7503 -7509
-2084 -3210
914 -7544
-7930 -9064
7615 889
-627 6597
6873 -8306
-4047 -7924
8472 2561
2441 4987
-396 -5508
7105 -5358
-9295 -3924
-7458 9659
3852 -4085
2256 -3047
686 9659
8960 -3399
5411 -3749
884 4289
5672 -8346
5788 184
5226 1242
6014 4442
