800
216 686
442 295
568 732
842 841
448 131
578 792
53 264
953 993
715 584
258 241
653 649
875 527
689 818
821 440
280 330
733 981
991 402
436 311
649 664
612 433
698 314
297 523
476 290
536 615
633 810
594 757
389 357
816 94
276 21
896 128
584 313
649 794
822 79
973 258
70 642
479 337
51 233
567 35
640 728
722 226
2 582
152 45
904 927
559 939
856 874
331 124
315 669
332 594
993 535
277 630
404 822
915 877
866 406
349 259
213 666
175 846
989 331
415 776
736 158
802 817
249 808
901 341
376 311
932 977
952 252
448 298
92 39
949 793
103 746
543 783
440 289
525 880
434 435
205 405
359 332
80 209
257 19
864 272
695 196
409 995
42 972
16 137
621 839
357 976
208 25
361 314
925 738
397 674
636 383
994 898
10 700
775 784
577 810
772 755
436 682
121 270
863 658
751 144
994 805
176 572
288 833
271 490
132 791
902 237
977 6
95 905
717 876
872 169
262 540
80 23
910 823
380 157
900 74
998 822
698 869
679 258
655 41
983 846
907 109
678 734
789 76
39 517
638 62
196 592
662 395
368 572
495 543
863 227
419 793
212 882
479 921
429 660
82 993
438 254
257 17
738 105
362 773
828 658
15 746
450 208
230 635
248 807
643 336
363 704
121 931
673 856
956 482
809 716
105 860
439 100
393 538
784 763
563 771
633 458
389 248
718 361
277 349
496 730
288 406
281 333
874 600
95 446
306 906
442 698
295 698
573 955
98 854
694 227
903 283
540 571
347 492
155 30
388 736
245 800
643 161
858 188
894 651
768 142
354 72
234 316
164 694
197 12
563 224
71 338
672 437
819 572
819 905
955 856
731 197
154 85
21 863
528 832
726 837
702 985
743 452
132 137
490 518
387 898
786 452
123 899
989 683
326 839
954 610
812 436
986 977
232 920
865 554
127 445
346 700
967 987
862 335
649 399
841 256
188 399
295 668
217 152
254 231
725 658
166 292
385 775
247 980
400 385
501 1
219 768
364 466
203 367
761 779
739 570
196 632
563 498
107 888
486 524
266 104
366 861
170 413
442 112
967 93
436 274
536 13
551 311
80 198
822 397
432 213
814 246
258 430
572 291
597 40
891 33
145 998
13 683
875 539
237 460
327 937
978 712
759 14
465 811
797 557
764 163
427 484
263 498
578 789
19 867
489 892
787 305
894 744
446 628
756 94
633 269
343 238
271 604
392 102
681 33
166 305
27 615
263 887
935 66
858 18
109 640
549 711
623 717
87 874
453 857
923 998
479 136
23 858
669 996
333 348
407 488
127 802
351 930
703 613
197 738
564 404
414 591
694 442
668 694
155 294
528 243
422 151
185 937
380 447
924 111
366 608
271 478
122 472
759 192
159 366
574 866
504 522
854 813
504 772
952 773
475 562
338 809
424 49
596 7
799 482
830 289
817 902
711 251
261 796
135 150
87 931
337 554
362 863
976 797
129 118
600 479
669 549
956 25
587 548
586 781
986 348
71 213
403 653
629 395
572 317
865 588
12 513
257 321
173 575
764 465
179 66
453 145
631 951
242 570
908 618
745 437
990 308
768 297
839 532
233 578
927 263
492 286
10 983
838 995
228 467
333 672
957 564
266 94
594 761
574 113
605 1
929 64
253 477
151 674
497 903
996 285
810 284
65 564
565 799
191 388
45 554
722 867
670 272
10 786
861 809
26 305
850 552
702 112
111 615
406 277
944 260
630 377
591 397
686 485
179 396
868 36
196 816
979 813
323 917
497 695
769 275
495 226
174 307
533 279
595 766
437 738
28 122
560 791
768 196
675 131
42 245
909 53
348 282
654 627
717 868
488 6
158 231
856 404
612 868
39 497
584 73
244 728
926 828
112 290
344 440
591 358
868 685
313 742
550 291
858 420
525 621
26 375
945 785
85 272
537 982
164 400
492 878
675 8
963 78
220 48
793 374
530 268
10 825
225 621
543 54
543 552
182 308
256 526
321 583
761 216
356 584
870 450
619 724
55 600
429 999
93 974
138 204
670 598
630 851
362 843
659 533
750 176
678 129
266 918
886 977
465 816
161 320
204 652
744 690
448 811
698 224
523 693
63 437
125 178
385 164
196 403
763 862
781 842
953 673
286 341
757 131
450 896
999 673
502 559
683 116
101 200
873 377
802 765
519 254
385 826
270 489
446 586
789 186
915 398
830 325
398 446
932 992
449 396
245 440
383 564
532 235
272 148
143 742
170 571
569 125
738 665
87 367
663 218
788 389
792 845
855 279
662 913
659 751
401 303
546 823
365 21
650 89
518 674
32 533
425 428
195 822
222 175
724 593
525 919
792 980
118 316
174 205
427 71
358 714
888 753
128 300
607 211
851 410
957 971
589 158
699 681
69 938
204 551
744 980
250 490
991 92
744 131
48 841
298 957
191 373
823 477
802 982
918 847
195 854
105 224
694 332
885 367
283 247
575 276
14 135
588 905
485 481
543 358
983 2
616 83
806 848
688 130
504 748
995 920
227 145
378 320
443 390
610 636
264 916
990 711
847 885
182 239
107 757
347 303
235 711
335 144
872 413
268 887
734 266
483 359
147 319
807 663
108 341
844 813
78 841
161 679
784 312
562 429
887 833
190 378
432 980
678 276
121 916
187 217
38 765
191 295
940 392
282 143
950 279
259 256
390 853
992 796
152 368
85 588
852 862
980 268
201 230
318 247
464 472
913 997
681 857
622 446
591 685
883 985
49 489
257 900
214 768
846 890
440 506
319 149
320 266
35 380
902 508
963 388
963 630
684 898
504 320
214 415
627 979
79 656
918 47
767 345
842 928
188 715
987 248
278 460
738 43
483 323
905 100
481 826
636 253
985 469
536 6
113 730
704 587
659 918
191 529
140 675
476 356
509 523
456 929
631 283
319 951
169 357
943 759
936 828
348 541
353 591
426 407
515 528
920 520
722 211
573 817
477 970
495 759
853 151
164 368
529 118
916 998
136 960
481 536
879 98
326 155
92 365
805 553
942 133
156 772
980 559
814 11
278 68
424 539
968 717
47 81
778 108
653 619
364 790
378 879
769 683
145 114
254 991
639 368
190 72
661 112
185 346
754 764
6 678
849 215
94 942
574 486
970 167
990 239
958 821
620 272
842 824
575 456
790 148
507 213
138 725
672 687
677 471
469 567
168 866
999 978
10 152
748 968
281 568
907 567
72 370
767 745
876 379
699 910
9 734
705 20
312 180
343 552
485 441
994 931
748 679
775 69
435 371
549 986
32 138
571 22
217 973
557 134
946 724
650 269
134 387
501 751
801 219
883 866
502 433
366 557
656 231
251 150
149 15
750 631
898 954
175 194
663 761
428 995
860 293
635 802
899 878
808 119
168 136
81 519
482 488
904 64
764 988
764 987
298 768
658 595
761 672
441 607
197 707
317 415
510 706
330 89
101 847
495 894
404 670
441 773
434 513
586 1000
863 630
449 319
729 42
297 248
83 31
294 51
912 884
358 459
888 571
242 518
88 53
911 331
412 263
245 384
698 628
70 928
688 406
80 520
794 524
239 282
520 545
874 201
597 267
77 396
871 52
381 956
728 270
510 890
980 403
383 269
469 513
85 908
419 976
